# Created by Octave 4.4.1, Fri Jul 03 09:45:18 2020 GMT <unknown@LAPTOP-OV5PKKO6>
# name: values
# type: matrix
# rows: 7
# columns: 10
 0.029999999999999999 0.070000000000000007 0.085000000000000006 0.080000000000000002 0.074999999999999997 0.089999999999999997 0.105 0.14999999999999999 0.185 0.17999999999999999
 0.050000000000000003 0.074999999999999997 0.105 0.10000000000000001 0.089999999999999997 0.089999999999999997 0.085000000000000006 0.080000000000000002 0.11 0.17999999999999999
 0.070000000000000007 0.070000000000000007 0.14499999999999999 0.105 0.095000000000000001 0.070000000000000007 0.089999999999999997 0.085000000000000006 0.095000000000000001 0.17000000000000001
 0.059999999999999998 0.055 0.215 0.17999999999999999 0.080000000000000002 0.070000000000000007 0.074999999999999997 0.085000000000000006 0.080000000000000002 0.105
 0.065000000000000002 0.065000000000000002 0.22 0.23999999999999999 0.105 0.070000000000000007 0.074999999999999997 0.074999999999999997 0.10000000000000001 0.080000000000000002
 0.070000000000000007 0.065000000000000002 0.22 0.26500000000000001 0.185 0.105 0.085000000000000006 0.080000000000000002 0.085000000000000006 0.074999999999999997
 0.065000000000000002 0.065000000000000002 0.20999999999999999 0.315 0.22 0.10000000000000001 0.095000000000000001 0.080000000000000002 0.074999999999999997 0.085000000000000006


